-1.316706315849853817e+32
-7.199607211185017240e+31
-3.841588077361625755e+31
-4.244629437108048253e+31
-5.467540742674056762e+31
2.065716261784035897e+32
1.005532891410283468e+31
-3.979727701273194996e+31
-4.623909856980241756e+31
-1.581186913872647861e+31
-1.600357117052807834e+31
-2.536342266178906270e+32
-9.408449794174718967e+31
-7.714671726452284882e+31
4.541913342503230385e+31
2.126341523562671575e+32
2.412517959331436653e+31
4.170216680981775214e+31
2.915891763588135777e+31
-6.034972760171240430e+31
-1.316721322612842745e+32
-1.162511292963071411e+32
8.734047119525751538e+31
5.080119869540165326e+31
-5.753132371275351672e+31
1.134597849315682840e+32
1.985550974062208624e+31
2.252608164820221989e+30
-1.711904832567922224e+32
1.653221988750506278e+32
-6.517557233410516505e+31
-1.092007022793365946e+32
-3.743385154020317172e+31
1.356293273069414375e+32
-1.101492704467744520e+32
1.143052833555527844e+31
5.147893122413543952e+31
-3.199516225241241714e+31
8.292946554149017740e+31
7.894066872716524085e+31
